10000 566.28 436.498
11000 515.78 496.118
12000 571.88 556.268
13000 629.54 616.903
14000 687.54 677.985
15000 739.78 739.482
16000 794.22 801.367
17000 846.36 863.616
18000 909.98 926.207
19000 1022.08 989.121
20000 1027.28 1052.34
21000 1116.34 1115.85
22000 1174.18 1179.64
23000 1216.42 1243.69
24000 1283.08 1307.99
25000 1339.5 1372.54
26000 1432.42 1437.32
27000 1547.8 1502.32
28000 1653.62 1567.54
29000 1651.94 1632.97
30000 1676.48 1698.59
31000 1796.86 1764.41
32000 1756.08 1830.42
33000 1836.3 1896.61
34000 1903.02 1962.97
35000 2086.66 2029.51
36000 2132.76 2096.21
37000 2106.8 2163.08
38000 2271.58 2230.1
39000 2393.74 2297.27
40000 2429.76 2364.59
41000 2546.88 2432.06
42000 2444.64 2499.67
43000 2470.92 2567.42
44000 2527.38 2635.3
45000 2637.84 2703.32
46000 2701.9 2771.46
47000 2814.88 2839.73
48000 2877.3 2908.13
49000 2965.7 2976.64
50000 2938.94 3045.28
51000 3017.66 3114.03
52000 3084.88 3182.89
53000 3298.32 3251.87
54000 3538.08 3320.96
55000 3620.8 3390.15
56000 3390.82 3459.45
57000 3702.28 3528.85
58000 3799.52 3598.36
59000 3799.44 3667.96
60000 3594.58 3737.67
61000 3708.9 3807.47
62000 3743.74 3877.36
63000 3827.4 3947.35
64000 3876.44 4017.43
65000 3963.68 4087.61
66000 4091.44 4157.87
67000 4242.16 4228.22
68000 4182.88 4298.65
69000 4363.12 4369.18
70000 4314.04 4439.78
71000 4662.64 4510.47
72000 4664.72 4581.24
73000 4749.3 4652.1
74000 4742.94 4723.03
75000 4812.68 4794.04
76000 5109.7 4865.13
77000 5043.58 4936.29
78000 4919.7 5007.53
79000 5009.26 5078.85
80000 5087.22 5150.23
81000 5291.64 5221.69
82000 5194.54 5293.23
83000 5407.36 5364.83
84000 5304.28 5436.5
85000 5443.48 5508.24
86000 5546.24 5580.06
87000 5602.36 5651.93
88000 5719.26 5723.88
89000 5781.34 5795.89
90000 5879.56 5867.97
91000 5863.08 5940.11
92000 6091.54 6012.31
93000 6097.78 6084.58
94000 6191.86 6156.91
95000 6287.08 6229.3
96000 6365.5 6301.76
97000 6351.06 6374.27
98000 6560.94 6446.84
99000 6537.1 6519.48
