1000 704.303 673.424
1010 688.683 686.739
1020 697.41 700.182
1030 708.383 713.755
1040 723.707 727.456
1050 738.6 741.287
1060 755.69 755.246
1070 765.613 769.334
1080 787.683 783.551
1090 793.27 797.896
1100 810.703 812.371
1110 821.427 826.974
1120 836.7 841.706
1130 851.953 856.567
1140 872.483 871.557
1150 882.317 886.676
1160 902.987 901.923
1170 912.297 917.299
1180 930.04 932.804
1190 942.817 948.438
1200 963.653 964.201
1210 979.253 980.093
1220 995.1 996.113
1230 1013.43 1012.26
1240 1037.59 1028.54
1250 1040.86 1044.95
1260 1058.32 1061.48
1270 1085.63 1078.15
1280 1093.94 1094.94
1290 1105.63 1111.86
1300 1124.31 1128.92
1310 1140.08 1146.1
1320 1161.8 1163.4
1330 1176.61 1180.84
1340 1201.3 1198.41
1350 1216.64 1216.1
1360 1252.18 1233.93
1370 1254.44 1251.88
1380 1273.18 1269.96
1390 1283.46 1288.17
1400 1311.33 1306.51
1410 1324.82 1324.98
1420 1344.73 1343.58
1430 1365.53 1362.3
1440 1386.79 1381.16
1450 1407.8 1400.14
1460 1417.22 1419.25
1470 1437.89 1438.5
1480 1470.77 1457.87
1490 1480.66 1477.37
1500 1496.94 1496.99
1510 1512.5 1516.75
1520 1538.24 1536.63
1530 1548.33 1556.65
1540 1573.95 1576.79
1550 1594.25 1597.06
1560 1622.19 1617.47
1570 1628.7 1637.99
1580 1662.51 1658.65
1590 1671.12 1679.44
1600 1703.44 1700.36
1610 1711.36 1721.4
1620 1740.52 1742.58
1630 1756.57 1763.88
1640 1786.22 1785.31
1650 1810.06 1806.87
1660 1826.3 1828.56
1670 1851.06 1850.38
1680 1864.76 1872.32
1690 1899.92 1894.4
1700 1924.87 1916.6
1710 1946.67 1938.94
1720 1961.55 1961.4
1730 1982.45 1983.99
1740 2005.73 2006.71
1750 2035.06 2029.56
1760 2066.2 2052.54
1770 2074.14 2075.64
1780 2097.2 2098.88
1790 2121.03 2122.24
1800 2143.51 2145.73
1810 2172.2 2169.36
1820 2207.45 2193.11
1830 2208.96 2216.99
1840 2239.91 2240.99
1850 2257.81 2265.13
1860 2290.77 2289.4
1870 2309.6 2313.79
1880 2336.32 2338.32
1890 2364.25 2362.97
1900 2381.01 2387.75
1910 2408.76 2412.66
1920 2432.54 2437.7
1930 2468.12 2462.87
1940 2488.37 2488.16
1950 2515.37 2513.59
1960 2531.94 2539.14
1970 2564.71 2564.82
1980 2597.45 2590.64
1990 2618.93 2616.58
